10834819
10612100
10834821
10834822
10834823
10834825
10834827
10834575
10834719
10834723
10834724
10834725
10834728
10834736
10834744
10834746
10834747
10811068
10834748
10834752
10834755
10834757
10834759
10834760
10834762
10834763
10834764
10834765
10834766
10834767
10834768
10834769
10834770
10834771
10834772
10834773
10834774
10834776
10834777
10834778
10834779
10834780
10834781
10834782
10834783
10834784
10834785
10834786
10834787
10834788
10834790
10834794
10834799
10834804
10598261
10834808
10834809
10834810
10834811
10834812
